Test
[  4.52420272e-06   2.32937123e-06   3.65133281e-03   1.63402706e-02
   2.84844451e-03   1.91449129e-03   9.74420846e-01   7.57605187e-04
   3.90150581e-06   5.63056674e-05]
Adv
[  3.03713351e-01   4.81581253e-07   5.73193192e-01   2.51419488e-02
   1.72876040e-04   8.10569804e-03   4.12296188e-08   8.94925743e-02
   7.09856031e-05   1.08781751e-04]
Test
[  1.47159212e-11   3.93469776e-07   1.56994099e-06   3.79055676e-09
   1.05852317e-12   9.19953892e-13   4.94767812e-12   5.07149045e-10
   9.97789495e-09   9.99997973e-01]
Adv
[  5.26072108e-04   3.94160088e-06   1.81668311e-01   7.26574473e-03
   3.68092791e-03   1.65521652e-01   3.02587814e-05   6.40742242e-01
   1.30883518e-06   5.59540698e-04]
Test
[  6.32852176e-03   2.99051963e-02   9.13774781e-03   1.19483970e-01
   2.93145149e-05   2.22894771e-04   3.75484340e-02   1.76259675e-06
   7.78607419e-03   7.89556026e-01]
Adv
[  1.26668153e-13   1.43989897e-16   8.21914911e-01   2.89276242e-02
   4.07069791e-07   1.49142340e-01   2.63715094e-07   1.44232317e-05
   1.59858151e-12   1.23446391e-08]
Test
[  1.86204545e-06   1.26310551e-09   8.22675356e-04   1.41183159e-03
   9.90380406e-01   6.11283164e-03   8.77959828e-04   3.92448012e-04
   3.81643328e-10   7.31873850e-09]
Adv
[  9.55585599e-01   9.75484290e-05   1.98416840e-02   3.66237573e-03
   4.32875531e-05   8.00089352e-03   1.15265157e-08   9.36499797e-03
   1.90871384e-03   1.49489264e-03]
Test
[  8.18716944e-05   9.99916315e-01   3.03357112e-13   1.26105994e-12
   2.18459242e-08   3.43731953e-11   1.67282438e-11   9.12792952e-10
   2.56184207e-09   1.79641256e-06]
Adv
[  4.07870830e-05   5.42586986e-06   1.19568314e-02   1.51348347e-02
   1.50535826e-03   1.67478472e-01   2.01799230e-05   8.03758740e-01
   1.71674162e-06   9.76011870e-05]
Test
[  1.65460783e-03   9.88949060e-01   2.30789780e-07   7.21458164e-08
   2.23440111e-07   9.50355627e-07   1.40533384e-05   1.89372281e-06
   1.87441019e-05   9.36015509e-03]
Adv
[  2.21134003e-04   1.46915469e-09   5.76177193e-03   3.19917919e-03
   1.96238198e-05   9.90639567e-01   6.64638094e-07   4.93533807e-05
   1.03052349e-04   5.59185446e-06]
Test
[  1.20833203e-04   2.22311215e-07   9.94473159e-01   3.56772915e-03
   1.09452405e-03   1.15514342e-06   6.10424380e-04   3.51287708e-05
   5.51061021e-07   9.62649938e-05]
Adv
[  1.13848137e-05   4.26100089e-09   8.30057561e-01   7.73030042e-04
   2.94389814e-04   1.13974325e-02   2.20844080e-03   1.55184254e-01
   1.59008181e-07   7.33227644e-05]
Test
[  4.60704946e-11   1.42403626e-13   1.54836425e-06   5.97104144e-09
   4.00240788e-05   1.78032424e-05   1.17433345e-07   9.99940515e-01
   1.27653693e-13   2.33517677e-10]
Adv
[  3.63172293e-01   2.55017221e-04   8.04778412e-02   2.36262567e-03
   7.49979904e-07   1.50309959e-02   3.90189962e-05   4.88736242e-01
   1.10851368e-04   4.98144031e-02]
Test
[  1.98834416e-04   1.82256645e-05   2.50532111e-07   3.82026826e-07
   1.01809469e-07   1.02780689e-06   8.63584830e-07   2.43893865e-08
   9.99553621e-01   2.26629287e-04]
Adv
[  3.96808133e-07   6.52711618e-09   4.14546341e-01   3.74980658e-01
   1.83037787e-06   2.06487641e-01   2.38069422e-08   3.83275305e-03
   4.20927613e-08   1.50324398e-04]
Test
[  6.12580152e-07   1.98805401e-06   1.31258904e-03   9.98278975e-01
   7.67252970e-07   6.41397273e-05   1.97428776e-08   7.82946245e-07
   3.20573065e-07   3.39770224e-04]
Adv
[  5.73707894e-06   3.17133276e-06   1.53026938e-01   1.21937528e-01
   1.63346762e-03   6.48649335e-01   1.46952868e-02   5.95849454e-02
   1.61987725e-06   4.62058350e-04]
Test
[  1.87436908e-05   3.39582620e-08   9.06505913e-04   6.62895793e-04
   9.94003952e-01   4.25166654e-04   3.96207115e-03   2.06375371e-05
   2.04742072e-08   1.19227394e-07]
Adv
[ 0.33788005  0.00406681  0.4517265   0.09457617  0.00051441  0.01338745
  0.00418347  0.00504412  0.01336096  0.07526013]
Test
[  9.06953792e-05   6.47040088e-06   5.63769136e-03   1.22199859e-03
   3.97283700e-04   2.31198457e-04   2.45454794e-06   9.92269278e-01
   1.33268179e-06   1.41579163e-04]
Adv
[  2.74974832e-06   9.76939196e-10   8.67989063e-01   3.67020373e-03
   9.31082977e-05   2.54876148e-02   8.81538682e-08   1.02747604e-01
   2.03323740e-08   9.60369925e-06]
Test
[  3.82952294e-07   1.86326579e-11   4.12758454e-05   6.42436548e-09
   1.30423052e-06   3.18628435e-09   4.04218464e-10   9.99956965e-01
   5.90479887e-11   6.38203801e-08]
Adv
[  4.12548364e-11   9.38606831e-13   2.18831957e-03   1.70826726e-02
   5.25901044e-07   9.80514348e-01   2.08342255e-09   2.14044325e-04
   1.25357877e-10   1.63835821e-07]
Test
[ 0.29516035  0.00587272  0.36370155  0.01418329  0.1090753   0.00595623
  0.04130702  0.08026683  0.0085158   0.07596101]
Adv
[  9.90019083e-01   1.48359599e-04   5.10472246e-03   5.11855687e-05
   1.12384406e-03   6.78351571e-05   1.95603880e-05   2.43113702e-03
   3.72943614e-04   6.61292579e-04]
Test
[  1.40048896e-05   2.36996785e-02   4.53977482e-05   8.60564978e-05
   9.88933557e-09   1.13561975e-06   7.15340357e-05   9.96995141e-07
   3.82431230e-04   9.75698769e-01]
Adv
[  2.76640523e-04   2.33752908e-05   3.45587254e-01   3.42268907e-02
   2.20346404e-03   9.29813460e-03   4.48425254e-03   6.02836967e-01
   1.27047031e-06   1.06176722e-03]
Test
[  3.74698575e-05   5.48407994e-03   1.45200393e-04   6.41190491e-05
   9.99936788e-07   3.47713240e-06   1.67120959e-06   1.83804650e-06
   1.13999760e-02   9.82861280e-01]
Adv
[  4.28543316e-08   2.07643139e-11   4.62284297e-01   2.20587235e-02
   4.94549458e-04   2.96315402e-01   2.40303791e-07   2.18846083e-01
   2.01756695e-10   7.39200232e-07]
Test
[  2.39481074e-06   3.59744823e-04   6.70769223e-05   6.53438619e-05
   4.48269688e-08   3.03007255e-07   7.43976416e-05   1.10056222e-08
   1.97399568e-05   9.99410868e-01]
Adv
[  1.49279114e-08   4.00652567e-10   1.25239615e-03   1.00876915e-03
   3.68368812e-04   9.95293915e-01   5.46635792e-10   2.07617832e-03
   5.21230246e-11   2.57509555e-07]
Test
[  1.08677914e-05   7.32377075e-08   3.36503349e-02   4.63852376e-01
   9.27765816e-02   4.08841074e-01   4.13363974e-04   4.48222068e-04
   9.19587933e-07   6.10612415e-06]
Adv
[  6.44438624e-01   2.08339910e-03   1.39859533e-02   3.74863995e-03
   2.78898777e-04   3.14017385e-01   6.15350856e-03   5.29012829e-03
   2.27031414e-03   7.73309357e-03]
Test
[  3.85071144e-05   6.26234931e-09   1.46798983e-01   4.36890163e-02
   6.69916972e-06   2.15776800e-03   8.06793332e-01   1.41861543e-04
   1.27155974e-04   2.46714422e-04]
Adv
[  6.85887280e-05   2.40413622e-09   8.56435299e-02   1.02500608e-02
   1.24655111e-04   2.38508433e-01   1.41043347e-05   6.65382922e-01
   5.56423913e-07   7.23084622e-06]
Test
[  4.83319980e-07   4.25879287e-09   1.18459843e-03   1.06744646e-05
   1.60120396e-06   2.02735890e-08   9.98795748e-01   3.47576634e-09
   2.43280738e-08   6.73865270e-06]
Adv
[  6.47157458e-06   3.80526194e-10   2.63253022e-02   5.07038458e-05
   4.32588422e-05   1.68636892e-04   7.08836581e-07   9.73403931e-01
   3.75440923e-09   1.02953015e-06]


