Test
[  9.25794575e-06   9.06618370e-04   1.88749163e-05   1.03797317e-01
   5.07659888e-06   8.90426159e-01   5.22240807e-05   5.40672627e-05
   3.53934104e-03   1.19099743e-03]
Adv
[  7.60464682e-05   7.31582800e-03   1.93153769e-02   6.59503937e-01
   7.46946989e-06   1.80519432e-01   2.22681811e-05   5.53953811e-04
   1.00405775e-01   3.22799012e-02]
Test
[  9.99992728e-01   4.92937646e-09   3.25085489e-06   1.11991696e-08
   3.80977383e-09   8.39652237e-11   6.79850586e-07   1.52307411e-08
   2.36246382e-08   3.31117462e-06]
Adv
[ 0.12693492  0.08360541  0.07221315  0.35011825  0.00320148  0.09902541
  0.15276271  0.02109217  0.04758763  0.04345891]
Test
[  3.32085887e-10   4.48883520e-06   2.97742372e-06   1.94124716e-08
   9.99989390e-01   1.15855596e-10   2.10180007e-09   5.94032656e-07
   7.14986584e-07   1.74257229e-06]
Adv
[  1.66864484e-03   4.33067046e-03   1.12579879e-03   2.11301399e-03
   6.08692586e-01   6.27616653e-04   2.50109762e-04   8.76847506e-02
   1.53188035e-01   1.40318781e-01]
Test
[  1.25038797e-08   9.99257028e-01   2.96969279e-06   2.00164095e-06
   5.84228183e-05   2.56133159e-08   4.06067180e-08   1.86617777e-04
   4.91832965e-04   1.12564271e-06]
Adv
[  8.68492953e-06   6.22210979e-01   5.66869564e-02   1.16585358e-03
   2.53091508e-04   2.02430037e-05   9.34740183e-06   3.14738154e-01
   4.44731116e-03   4.59363073e-04]
Test
[  3.25764624e-11   1.38030487e-07   2.18062612e-09   3.40388190e-10
   2.58989894e-05   7.59807950e-09   4.54856569e-11   1.64643643e-05
   2.71315663e-08   9.99957442e-01]
Adv
[  2.15203603e-04   2.41453480e-03   4.34508140e-04   6.74000941e-04
   4.09510639e-03   1.16030267e-03   2.84522466e-05   3.55059415e-01
   1.11864451e-02   6.24732077e-01]
Test
[  7.06717573e-10   1.56029550e-10   9.99994993e-01   7.00605995e-07
   2.64813202e-08   1.50150115e-09   9.34474009e-09   3.44666546e-06
   4.26916756e-07   3.73992663e-07]
Adv
[  3.87633988e-03   2.03857751e-04   8.49407017e-01   3.81750204e-02
   1.92067516e-03   2.22810283e-02   2.30459357e-03   1.25967795e-02
   2.05085427e-02   4.87260334e-02]
Test
[  1.15681642e-09   9.99989390e-01   2.95778420e-07   2.76862625e-06
   2.14095820e-07   5.92643460e-07   9.51214307e-09   3.60771111e-07
   6.25541270e-06   8.12734324e-09]
Adv
[ 0.00127851  0.51768976  0.02910833  0.04005854  0.00978609  0.00747483
  0.01066923  0.02517636  0.33809674  0.02066164]
Test
[  1.25845503e-07   1.82408291e-06   7.05432012e-06   9.99948025e-01
   4.88628382e-09   5.82642042e-06   5.49134294e-10   4.62176558e-07
   2.34544259e-05   1.32887426e-05]
Adv
[  5.30103920e-03   3.76856362e-04   1.62408501e-02   5.52837670e-01
   1.20231847e-03   5.11769345e-03   2.41307003e-04   2.95686559e-03
   2.40023017e-01   1.75702363e-01]
Test
[  9.83362458e-09   9.99961615e-01   6.79163918e-07   5.50983614e-08
   2.64838363e-05   3.09135231e-07   4.16915691e-06   2.27794715e-07
   5.90030459e-06   4.80203767e-07]
Adv
[ 0.00041637  0.34652281  0.02389386  0.12207201  0.00089135  0.02329611
  0.00048902  0.30511746  0.1498059   0.02749514]
Test
[  8.41316776e-08   4.65900428e-07   4.16541934e-06   5.53999555e-11
   9.99970794e-01   2.19693708e-09   3.63150998e-09   1.46654947e-05
   9.30756505e-06   4.93739833e-07]
Adv
[  9.61880013e-03   3.75677808e-03   3.35634016e-02   5.57570369e-04
   9.15318429e-01   1.47786189e-03   7.03396322e-03   1.14468774e-02
   6.91849552e-03   1.03078354e-02]
Test
[  2.06153459e-08   4.60926422e-05   2.64570133e-07   9.99892592e-01
   1.34979032e-07   4.58668819e-06   8.00813305e-10   9.47083606e-07
   6.94432629e-07   5.45801449e-05]
Adv
[ 0.00362663  0.04197381  0.00585478  0.6075204   0.00087785  0.14362641
  0.00168423  0.00169414  0.15772836  0.03541331]
Test
[  1.05287677e-06   3.79318109e-04   2.83060722e-08   2.88734882e-05
   1.17855125e-04   9.99285400e-01   9.30730312e-05   1.50038446e-07
   1.93172382e-05   7.49003375e-05]
Adv
[ 0.01307149  0.02019963  0.05254169  0.01553884  0.01756918  0.54549414
  0.13323826  0.00782537  0.1780912   0.01643014]
Test
[  1.53872488e-11   1.18245647e-09   3.03993053e-09   1.00000000e+00
   8.08383777e-11   4.64036498e-09   1.14639860e-11   1.97171324e-09
   1.69021508e-09   7.94706079e-10]
Adv
[  3.28781409e-03   1.44608770e-04   8.11040984e-04   2.81492561e-01
   1.34892249e-03   1.80753320e-02   1.30103610e-03   3.07599585e-05
   6.93195105e-01   3.12752294e-04]
Test
[  2.86770301e-05   4.93627795e-07   1.83780548e-06   7.28665441e-07
   6.36166362e-07   6.46985291e-06   9.99952674e-01   3.76651110e-06
   2.86998898e-06   1.90171409e-06]
Adv
[  3.87123134e-03   1.74915913e-04   3.41988727e-02   3.34408949e-03
   2.04449811e-04   4.67914011e-04   9.51334298e-01   3.09914729e-04
   2.57511297e-03   3.51916649e-03]
Test
[  1.74812783e-07   9.98458147e-01   4.28075907e-07   1.70550618e-06
   1.19282013e-05   3.51009220e-07   9.52437702e-08   1.12306981e-04
   1.41277339e-03   2.07984795e-06]
Adv
[  1.43787387e-04   7.05425322e-01   6.95385679e-04   1.86738954e-03
   2.48706643e-03   7.12484820e-04   1.96288122e-04   7.97986835e-02
   2.07188621e-01   1.48500386e-03]
Test
[  6.53725863e-07   6.40300243e-07   4.45721952e-07   6.90779700e-07
   1.58127841e-06   1.17518141e-06   6.24801677e-09   9.99945641e-01
   5.50064669e-07   4.85265155e-05]
Adv
[  3.88459559e-03   6.97747339e-04   2.47245934e-02   2.37540826e-02
   2.30994239e-03   2.08230544e-04   1.51451211e-04   4.37684119e-01
   2.14227219e-03   5.04443049e-01]
Test
[  1.45558931e-06   4.50276119e-08   9.99888420e-01   1.07120945e-06
   4.12999270e-06   4.54660011e-07   5.72026093e-10   9.34821946e-05
   1.04584469e-05   4.52801089e-07]
Adv
[  1.34935062e-02   7.90197519e-05   5.88052154e-01   7.54060969e-02
   1.77340338e-03   1.83350369e-02   1.70494925e-04   1.44639343e-01
   1.14769496e-01   4.32814732e-02]
Test
[  3.02795399e-07   1.19949760e-07   1.63463301e-06   1.14718534e-06
   1.87247036e-08   3.81042332e-06   1.71605154e-06   1.50687626e-07
   9.99863267e-01   1.27730629e-04]
Adv
[  2.81985878e-04   1.55240372e-02   1.59707610e-02   3.00462902e-01
   3.41812777e-03   9.72995162e-03   5.11645805e-04   1.65527512e-03
   5.57175994e-01   9.52692777e-02]
Test
[  5.48046548e-04   2.78293495e-08   2.90765797e-07   2.75605589e-06
   2.26585371e-07   1.93645348e-04   9.99212742e-01   1.81104198e-08
   3.58583857e-05   6.48138121e-06]
Adv
[ 0.05015048  0.0078616   0.01484186  0.00432652  0.0308567   0.03739731
  0.81475711  0.00083481  0.02456535  0.01440833]
Test
[  4.64055006e-07   1.80836651e-04   2.03545915e-06   1.79855444e-04
   2.79942318e-03   2.65480805e-04   1.61035203e-07   5.21055714e-04
   4.02645674e-04   9.95648086e-01]
Adv
[  3.86302336e-03   1.73146334e-02   6.22816500e-04   1.46710000e-03
   1.84492525e-02   2.22538430e-02   9.71541449e-04   1.10579424e-01
   4.44418704e-03   8.20034206e-01]


